% country profiles from WHO
% 1: SouthAfrica, 2: China, 3: Republic of Korea, 4: Switzerland
countries=[1 2 3 4
    0.178 0.001 0.0005 0.004  % prevalence of HIV, 0.05 is estimated
    0.00808 0.00138 0.00114 0.00006 % prevalence of TB disease
    0.00971 0.00096 0.00090 0.000049 % incidence of TB per yr
    0.001 0.001 0 0 % annual population growth rate
    0.015111 0.002736 0.001803 0.001327 % death rate per yr, estimated from adult mortality rate
    0.00052 0.00012 0.000083 0.0000017 % additional death rate due to TB per yr
    0.00627 0.000019 0 0 % additional death rate due to HIV
    0.72 0.75 0.89 0.89 % case detection rate for all forms of TB
    0.76 0.94 0.84 0.85 % TB treatment success rate, 0.85 is estimated
    0.018 0.057 0.027 0.012 % ratio of the MDR-TB cases among new TB cases
    ];
